4311
22080
7263
33683
21964
8833
3114
31339
44017
46148
27323
28033
4281
12916
10990
27760
45956
27444
20217
13238
199
36018
7320
48851
31127
5659
557
25808
37041
8365
3618
7663
11514
10323
1684
24111
35594
47022
39179
21869
38581
3042
25083
28270
42829
39691
16963
49799
43301
46409
25797
1012
32971
42148
35858
44167
48777
39957
42754
34724
30904
41879
2617
14754
6735
40022
21533
13801
27552
27751
45301
32398
5952
37728
32173
46992
27681
1306
15542
47994
7360
29927
1086
29039
18861
33558
43750
41152
4859
23805
40649
19127
44624
39760
14450
12414
44031
36632
31246
38023
3647
783
10955
37704
15887
1674
21087
29053
22370
35855
34766
35
8882
5069
41882
29293
7434
6833
35761
695
43996
31119
5954
44770
33453
2413
26391
21602
38823
2680
46054
27537
34173
28703
1935
13248
34705
5249
11689
30645
19305
6374
4645
42587
32140
44126
25177
11887
24079
32256
30376
10330
43963
27813
42465
9759
13490
48197
32076
35701
5028
11031
37561
1629
28817
37102
37191
24957
35475
2345
12818
42808
26632
42439
42248
45413
11122
28272
41073
8577
44719
30408
18572
46807
28000
7674
22350
41613
20023
16637
26342
21798
32968
3564
41124
6543
16196
41510
16391
1381
15992
22123
46394
18999
7060
49050
25930
6923
28052
45313
44136
10812
43924
11014
39763
40492
32990
21119
47339
28017
32744
18451
41167
10301
49921
468
49164
49856
40639
47865
9983
4314
29729
38000
29837
34783
29593
17764
37066
28223
15863
14689
31715
5050
34234
30930
41121
21874
14213
45621
31015
5614
24445
41266
49510
26361
4516
31506
4270
47981
32217
24600
8810
38320
47042
26599
19982
36750
21903
36287
46224
46898
28305
20452
37648
47143
22684
4046
14848
10043
1594
35418
40761
10729
39223
43965
3548
38635
44476
11474
26708
30487
18203
48852
2639
38187
41432
49168
23854
47468
1168
26207
32081
18763
5082
20834
23610
13594
34321
29505
35248
3582
49633
1097
40802
13348
16253
3891
22194
43077
13457
43698
15959
24844
41040
38433
23254
43375
7643
8443
36497
44668
45507
23016
16065
42755
5521
32479
33603
37061
9062
4869
46802
35738
36004
42476
29400
12419
40556
10954
16010
17257
19859
3073
20132
17084
33419
2066
871
34026
26341
44778
2446
3382
20295
35973
24096
15258
25004
9221
23297
26607
17316
42309
2107
29783
12344
38334
34189
18298
41907
35873
32365
45904
15541
32318
6240
40806
3515
23776
11263
39076
8774
10297
9934
37962
29140
45123
1400
36706
42707
28861
23514
29546
17515
31720
4244
8995
41710
8127
48681
26519
7261
16953
31203
14874
34301
10571
39039
11850
302
13505
7430
27101
2762
8374
12295
17986
37505
35207
16555
33194
5257
5021
12702
9620
37844
7735
11427
3727
29283
35979
16962
19783
19522
35355
28064
12071
7707
617
23812
26746
32771
28298
18902
5387
5157
44966
5791
9335
20680
23439
19481
10491
45470
60
49587
44433
21627
34453
45316
29911
30103
10953
34164
2825
49486
23548
28634
25534
176
28685
41579
140
24003
6967
30738
15295
49993
26578
36455
8893
49060
43786
16320
32623
6302
15832
16925
29252
34993
39549
23127
45118
44524
13544
31395
2259
21407
2615
13366
15903
29792
15308
8570
11585
8607
22212
10169
6544
29429
5084
21003
10910
20835
33693
7936
21384
42625
45210
10039
43853
10153
27002
23361
25069
19499
8035
9561
8571
36067
31523
29277
14904
11163
31407
32
34080
17219
19866
250
34194
10882
7312
14445
43918
21959
34519
13952
31669
24828
5810
2038
10249
46507
32042
21893
46427
4764
44472
15609
25209
25306
49136
44726
27769
1869
12247
25061
23213
16428
34927
17397
40964
4013
34616
5834
12893
14068
4250
44960
18303
5590
36813
47288
15738
46544
35587
43847
29765
6659
17734
7718
35965
3840
2628
17032
3059
13002
43050
8426
4533
33754
38812
27321
15172
35058
8848
7529
3911
17726
12746
11571
47772
24515
29744
41847
23151
33718
43687
43356
44954
7861
126
47529
49561
12158
42652
49084
49362
8576
37259
20438
45013
39404
2469
30166
24151
38211
30293
23192
44109
45923
48075
27802
14006
3483
30446
4631
48003
8232
40296
30227
14659
6464
19166
46908
31152
11558
41586
8480
40092
43068
19185
43020
27488
25685
34138
22001
27730
14538
19526
8692
4654
42281
12127
29999
3601
11829
12335
13897
32647
14805
45535
20643
41723
15195
39964
41114
301
38646
12981
22607
28643
41472
35939
18495
5959
34923
38804
32311
26026
35105
34153
7600
36298
38078
1064
9459
3327
28848
26230
19736
44824
45859
39141
48269
28045
19399
2771
15386
10630
36774
16679
38522
35051
1037
28538
22090
29133
44499
25245
6366
28344
16947
4206
9942
45565
10790
42352
699
49326
39965
42239
34429
32679
41087
5722
15633
15281
28598
26930
34064
40138
9870
32294
6515
29285
41807
30486
8729
16172
21153
10157
29959
14451
15740
7221
5827
34595
36736
35803
36641
3555
34063
4585
8085
24329
41654
31945
30545
27228
28605
5629
27272
49616
15451
2280
36388
31830
40480
26155
2595
16290
23165
25628
12200
25998
49449
38032
29501
18075
43465
2719
37972
12574
16571
26807
19267
38439
45529
17735
25354
13130
15696
37361
38996
26891
38451
36138
37343
21748
35387
23705
6327
31941
37572
7897
26187
31090
46235
45997
43116
10428
18646
4455
12992
33822
41321
35940
49914
22006
49710
18790
23495
14021
42200
19056
33871
6606
47601
31333
44622
4971
30070
37549
10935
13506
28026
48015
10389
11288
24773
33793
12471
12924
36585
21630
18503
15649
24134
15212
48025
48472
3760
25148
15285
36154
2079
14421
12721
27081
13033
26500
3019
8032
19440
3210
28333
17217
6628
14013
37278
35319
13786
7596
45346
42600
3901
49558
19001
8148
33644
12582
24993
13682
36377
10280
47500
30110
32467
1818
39508
25268
35161
35069
49020
12847
46516
11548
15314
18239
24399
35764
41014
11815
48002
15717
12748
43059
13556
18564
40348
9455
7589
24694
14174
1354
40372
33021
18464
45041
18489
6210
20149
45837
24166
21452
18886
12188
16274
15144
790
7209
33350
41591
24684
39540
5638
14774
37485
26265
40961
5717
35362
44327
25192
7696
36385
1971
11415
21392
27169
10204
35765
37742
24670
9313
40087
38731
28611
30402
9903
18385
29298
20533
21532
46832
42839
7363
8218
802
28238
30493
36349
36162
31438
12141
14252
19236
14304
26999
16441
36496
11545
44658
19504
34729
30333
30731
12990
20797
46771
29925
32101
43476
35146
522
18457
38329
17972
48739
18285
12473
48835
27973
35959
26058
356
37581
27373
4196
1844
20864
10767
21849
14559
39834
12782
19343
43127
9954
13848
22373
32604
44544
38287
4376
31035
45967
34086
20880
26400
10944
5933
18529
35569
24643
29942
13486
33881
22495
36835
44241
38889
3118
4306
19207
11961
37409
34685
18242
8182
42043
40011
3181
30454
10591
15380
17749
1641
5219
5746
41422
43745
40917
38750
43702
40209
23530
15277
26308
31809
15852
41939
17085
2742
41972
15468
24392
22603
37943
23159
11099
43826
31721
26110
10083
19888
12338
6097
30365
18586
29812
8454
35537
4375
1727
30224
46082
3254
31704
27555
8440
13752
15621
24719
33481
19734
35857
48073
25195
16102
48090
26864
22770
47668
39312
30117
41325
47719
30003
12711
36832
40221
5132
10742
11630
35310
3786
31897
39931
16761
16678
26734
2041
16691
18204
13735
10160
21135
19901
35337
11087
47548
41667
31063
30786
15160
510
5064
48364
18101
12871
19845
4183
40342
27738
27476
16221
31770
32291
45855
5123
30905
14426
46983
34396
26605
29220
43981
47995
47933
3190
15106
36063
27665
37669
8918
1573
41027
1568
4827
33098
5221
13221
7749
10745
27203
15411
20593
19752
15372
20058
36489
1958
3105
5915
41826
17572
39211
26657
45471
11183
13287
39375
47797
19388
9293
34865
8846
37951
5354
28529
6162
11458
37135
48007
43813
18780
45778
11307
20210
18119
19929
13247
7006
21552
24868
7689
19771
19113
333
20704
30586
29520
9307
19468
42357
25259
1164
5329
22660
6585
42783
42508
32621
19922
30058
27096
38360
16950
36027
39924
3302
6223
4581
8760
8133
38999
32160
15954
43043
43576
941
45211
16538
28131
12237
10462
46561
13222
47667
24562
20963
5260
36800
1556
7355
22251
41353
6490
21174
33925
38068
27413
9927
10189
38193
44144
48867
25103
43812
46205
26302
41053
47250
23372
13688
16130
18216
37408
25527
6108
7566
38880
20163
36728
32520
19093
32054
25136
26043
44120
43827
22794
45275
48585
45191
1700
43462
8714
36216
10310
11231
39506
35296
11222
37924
9842
22239
11320
20153
8028
47997
22842
27304
11055
25633
36043
23996
6590
20121
46555
4484
43187
32389
30386
35032
3000
21193
18157
23884
37966
44513
17446
37554
6060
17018
17631
13612
42176
24337
10611
25424
15016
22922
6700
33301
28996
19140
34486
36969
12811
730
23430
41521
17939
36087
35937
13873
24022
25281
24193
4674
19229
36476
18362
9
3376
29685
23807
11447
34914
47196
5430
15739
37804
13602
1892
45439
11855
9930
11639
14386
45568
45082
43850
42654
603
4994
7367
19780
38215
39399
43385
42133
29154
14730
34771
40058
7593
2082
49646
20784
17195
31535
49306
27761
41536
47410
1655
44084
14709
14031
16289
23695
41159
1625
33168
11257
49975
40996
44152
37809
22913
11389
9081
18366
48037
38897
6368
16627
30424
16522
24081
41213
33788
3057
49081
39300
37311
17926
16758
31366
9752
46596
45402
49481
30880
28055
8336
15397
16014
3758
17768
43262
43722
16360
14032
20806
34005
23197
15226
48019
8285
416
25273
46080
21053
35899
6758
1196
26408
32293
33600
47204
28162
46657
25215
38472
40775
31934
12225
14674
7500
35549
7171
29523
16787
4481
446
33546
14064
49786
8139
25185
29866
48377
46880
13082
25028
44093
13630
42825
39194
45192
3365
24402
23261
23027
2452
5423
44409
5023
29028
7049
6151
44456
3703
43776
41903
37785
42657
3792
23018
21527
27208
44973
34243
22071
14580
46002
17440
47523
37733
33894
20033
1696
13678
21914
41158
4405
27331
23068
42757
2627
15974
39552
10918
29922
29086
30413
26850
44840
29771
48825
3695
9568
47626
14664
27003
20769
15525
41750
27500
20343
38661
23327
43925
45668
46470
18374
26860
40286
28485
34464
29071
40383
39977
4323
47738
8279
30958
45139
11550
43351
23816
40309
5490
22343
23424
9713
10154
14634
40377
29152
11930
29496
5486
17585
29101
6204
35624
9105
35156
4227
35907
14397
41955
19510
4725
17513
42643
13363
14773
3684
381
44614
13134
9776
20049
27754
2899
43683
19197
39105
31143
28250
15009
26717
3757
11506
34882
19345
42285
10131
22213
5178
43586
5345
1407
44900
7059
28696
12795
35811
42716
33312
37075
4219
4063
18622
5212
13896
1425
31860
15441
17044
42138
6509
24306
49002
4224
32754
38281
43835
37577
39561
25692
7386
10808
34182
39701
19168
9141
48878
34425
41003
16505
31061
27029
28795
10865
28904
8396
4857
31211
6560
38119
42310
22185
43732
30474
26212
40099
45938
6115
45136
28174
2402
15012
33692
33094
30734
36817
42653
22996
25436
30442
41573
39509
18434
47064
38351
27579
30869
6415
22491
25955
19426
16486
6110
17288
44977
27964
46753
34737
2990
39009
15021
36600
27391
4905
296
36989
3688
25403
7536
32525
42070
11064
22783
10951
8488
12539
46119
5704
29368
27276
41987
15625
49950
30950
40289
25458
17402
43637
6863
23882
21188
11562
30715
22192
47072
3816
7818
10051
18272
37928
4137
18813
10485
30970
26584
34777
9691
23655
4199
966
44629
15734
14316
28097
45611
30528
29100
27801
34213
38092
21788
42219
5495
34365
24377
3897
16328
20608
13307
27853
28084
30841
10719
14152
27875
25480
15503
33574
36701
43044
20785
45255
44172
42036
20772
30079
43234
19711
4106
30614
14429
37274
3509
12285
2385
5358
10222
16845
18289
37124
13395
7636
18977
43584
41193
3283
1299
49114
42080
10604
14243
9155
32244
48221
18136
16101
40588
15140
2856
5946
38877
30300
19657
7559
45782
31160
33749
30061
27572
2976
4695
1406
41417
22677
45756
43681
39413
21771
2792
38995
48879
43327
27074
31239
1450
26099
29737
19627
36916
21222
44941
30125
10282
2419
33290
1659
14410
36247
725
38953
37241
41804
13815
34174
32186
47972
29983
38810
43486
29635
27501
30518
24080
42985
26892
44397
26417
42575
22378
31153
16024
13269
48505
2282
15126
26367
7910
38972
22284
6485
24548
26772
46650
8417
21346
13212
43640
22765
29237
399
38876
21117
5119
44939
28939
11956
33266
4301
3141
49974
33735
6894
43031
22210
13652
10947
46578
16542
38852
6586
29774
1636
217
38966
27300
40467
9634
47815
36944
48935
18541
27292
20416
27598
5905
24819
48715
35842
33873
19515
22478
15293
8742
30889
41531
22681
23360
49315
24209
19252
26827
7236
11494
39748
8452
25583
12349
4733
47786
33246
6689
40456
8353
21075
38839
31116
6105
6082
16469
46700
24890
28946
33313
5962
45219
17547
31582
37915
40069
47620
40783
18883
35227
30137
35993
39446
6184
32747
39642
24796
18799
10971
36227
41566
38627
42966
40938
25418
624
37813
43886
49715
42533
24482
40310
46638
9547
27947
31226
5961
48495
22305
3162
4319
2095
9607
26134
20809
17591
44033
8621
12545
49826
41703
4579
17642
38165
7260
37936
26987
10423
30684
36308
14963
6333
6338
19863
3021
28336
14724
535
22941
10319
16626
26504
6029
24951
41034
7978
9301
18521
49437
28062
32824
38199
35989
17293
7017
25170
9999
20178
19338
24243
6248
11995
3492
34888
31120
35029
12832
35905
24473
30819
33154
48673
28430
47964
17811
40763
15968
37911
22083
32001
26548
27950
4850
32530
30867
23185
22059
32891
42242
13885
21006
10318
32137
3778
11880
44160
21198
14495
39458
28484
48398
19401
39722
28442
22434
40989
23724
19201
37099
28263
38988
47905
8960
22766
10657
47043
19293
43418
48730
20020
4125
47505
15575
19606
19596
34841
39649
1172
46690
44496
44403
37224
27463
11924
21889
44914
4160
27653
29474
20939
27225
107
34074
21879
23515
31091
18632
41022
3748
47351
23661
12322
12205
21709
10366
9594
35155
43866
45374
26503
14221
20991
46310
19423
39090
1280
47440
1193
18685
47661
35166
37436
28852
2516
13173
36421
25390
11341
46146
45134
27290
33986
21009
34472
12239
23067
8917
944
27032
5700
5108
38954
21616
49709
1298
5372
7280
15177
32944
13805
33125
22912
49957
16043
44164
30095
5043
27107
44435
1096
11922
30757
1134
35409
18815
24662
11298
5335
31782
29558
18288
48632
11847
17889
49052
42813
31781
45587
2906
46621
28147
3619
35469
10324
40430
981
18928
32364
45653
19191
8204
23916
36673
23874
15736
48421
21670
27377
23437
13872
49638
22103
19786
1979
38240
8154
17778
39004
8198
2367
26028
43347
27925
35604
16623
16110
46071
3803
11536
18939
40528
13527
2064
42578
11262
17711
19240
11267
47884
20001
6355
42363
24687
4275
3022
18575
39539
9815
49680
2361
12716
22679
14530
19169
37086
34833
39647
18318
44832
8326
2726
39706
30701
47424
31833
9388
3746
21561
42409
42642
762
15713
19908
20837
47509
13345
10503
41045
11875
33491
48565
23704
28203
6213
9636
46835
27218
36995
7806
17143
23257
25866
13213
10345
48446
9709
46447
23054
36460
16546
34961
43174
1760
7070
36110
10273
11412
44365
32422
39161
5268
37796
1596
36645
4731
17602
9862
32918
4596
45862
21359
5374
19189
41287
13550
11903
48460
38641
10379
46073
42460
33364
16822
10600
17908
25904
18978
33595
41553
23927
48142
46765
11009
1393
13939
7541
16404
17132
12031
6506
6127
4123
36515
13162
40991
7422
33400
17424
40170
15445
43905
34141
4875
3809
2411
6093
30284
29241
40628
10985
12597
14678
31457
4181
44431
25475
15227
45369
12240
36296
32958
27996
30626
48747
914
7860
42297
40982
41088
44814
44417
19040
30944
23945
24886
11711
32381
27651
4644
16945
25234
24232
25255
26205
44612
39452
327
2690
2972
46539
3926
8679
31228
42780
29958
6620
47497
11044
42415
11647
26841
28177
3912
17317
38355
17858
47624
23760
35742
633
37372
38922
40436
17019
4966
11233
32759
7976
46403
12374
21917
28621
7190
43070
33557
22428
34245
9784
49708
22082
41140
32907
14830
12048
38588
34542
41830
7277
3106
24671
34195
31421
39913
49028
25761
37473
32855
13344
42093
18676
15552
1959
4911
25844
15983
4086
38917
29223
29677
21621
32599
43434
24854
298
49412
18794
9974
46587
36561
45794
347
2618
24556
43888
32606
25152
6968
1035
18910
45266
40836
48841
30469
36826
9414
44248
49928
33619
33812
21800
41799
42067
6721
3686
29731
15631
3754
41603
30367
2536
22530
5443
33405
11181
34550
27567
8170
36472
22242
35664
1159
37564
40323
48190
5879
231
42250
13432
8545
2239
29506
6826
32699
17966
17285
32500
7732
9406
36069
25979
8877
34898
15569
36012
16129
13049
41309
12804
12263
49624
7881
31325
1646
45575
6367
20821
2968
9219
10012
23570
17555
17766
24808
44224
24187
44405
23745
355
12781
41916
45355
29408
18025
49808
16789
22764
33848
37933
43837
25059
45585
5167
1627
47580
26872
20141
31656
1536
9356
22804
35261
6510
14749
31257
14679
1585
4094
40466
9543
21811
21620
1192
37351
1453
38674
36164
33060
31135
1154
34875
15517
7137
34679
22863
12238
41534
25795
26192
18944
26199
27022
24275
11638
32060
26524
10984
3589
5679
1194
33630
18308
46334
49464
1031
44492
7762
1933
33517
13117
43561
31748
4434
38297
9130
17604
1628
9233
30877
18571
19148
21192
32768
21313
27008
37970
44486
17847
43027
32637
34338
33425
30727
37748
49171
49212
36696
620
12961
31452
14109
1915
21754
37055
8311
47558
20808
21833
48581
47598
2243
3835
16506
9505
17985
8390
26196
28197
15358
20018
39472
21113
7637
40253
19691
33660
46161
8712
39782
13741
20166
14452
3151
19960
15325
33046
33439
48767
46117
37902
7331
15521
49116
47170
30956
44935
40141
5060
29667
43393
40637
13935
23381
37896
25804
12269
10277
47286
1200
39136
23835
38143
21787
23140
37497
37635
3279
3013
18843
44348
5608
16021
14202
29047
33189
23928
12397
44366
85
26163
24917
42951
29064
11414
4427
27098
33585
24427
22625
40517
7986
14517
22782
11136
5336
21927
27763
14503
15013
3606
31513
33106
25592
7204
17298
16265
49451
16175
29886
23699
11796
16876
6680
40977
8604
10932
14372
30991
7291
39378
13514
36580
7152
34446
23331
4928
48918
36352
45432
40689
15720
23925
20884
20819
47941
45576
16162
38425
25109
5989
13119
37671
16600
49202
36592
28569
12759
26067
30897
22359
29823
14057
44091
24782
34015
5943
37892
23750
8465
22854
27015
6157
14680
25045
3651
22958
32932
19155
47372
48343
25568
42381
8996
12695
42771
18326
15002
5317
9590
30568
16995
13547
9422
3157
34613
14370
48826
27672
9795
30928
37658
7969
32150
5328
33921
23501
49229
37573
20738
15822
38249
28566
230
44130
3400
43830
44986
9496
25122
1308
1365
48382
14050
18443
23727
46954
45407
28202
37122
46055
47346
21902
40567
34440
178
41239
36612
17001
48349
36239
6164
45630
954
37037
39949
26810
5044
15292
48848
6283
15359
40021
1089
2889
27320
25497
30082
37520
44874
22574
17822
20417
17159
30760
48035
37836
7420
15599
11841
41473
27423
31472
5887
48853
31217
47323
27748
21735
19089
14431
24908
30419
42874
14596
38955
4238
29331
43152
38604
37472
1054
49809
34876
4251
1215
40374
34864
5976
19951
1908
23124
9443
16877
33495
3071
6999
16417
25554
6194
43343
4357
39053
46282
24469
16618
27230
43260
30552
9223
45294
19396
29800
45945
46896
41319
289
1369
14738
35647
17374
14799
45596
6119
28249
386
46672
21691
16198
320
12365
23744
2000
40234
20886
5126
16996
45657
1412
36452
27836
5403
8360
34046
842
40089
43556
21967
5525
9369
15933
8537
44115
23676
48255
15547
45031
18828
17678
16914
23753
7895
18641
43915
16260
44025
38512
35164
46747
8343
3364
49126
41180
15459
44222
1083
13378
35689
1275
30422
19393
36136
5538
8595
40439
35776
47246
43848
14218
10358
30671
28638
28578
1498
23852
27244
21317
7940
45833
9692
40183
40571
9883
38867
45537
967
6756
26898
22705
29734
40785
35036
40669
17066
14832
25728
13565
36534
8070
13728
24039
19297
12513
19656
37029
17592
34523
25111
9160
20954
17654
21169
20702
38467
45115
12699
4834
46926
36765
12646
24990
41434
27271
22576
34224
11591
10638
38184
34892
24740
46387
31001
1939
31456
40252
47776
46477
6651
44373
21361
2879
23953
15049
36940
11503
4724
10483
28016
9378
10673
48794
21267
11706
38800
11900
9387
30142
44364
37991
43534
49182
40578
25796
7384
3497
596
30745
14710
40395
36505
49828
37786
2471
8120
31125
20082
40886
26714
35491
41567
47889
2232
35171
40344
24855
43423
25754
38221
33695
5078
45771
26015
24787
49852
48964
36371
14539
43161
11265
42870
44236
24139
21840
29475
49924
26149
33240
6139
39022
45168
28450
1821
40270
14211
24564
35985
31966
8074
49393
35917
5643
29530
3503
15346
45760
36547
32726
34359
31480
1996
44685
41941
10095
8588
11309
12557
49007
31946
38421
39184
36760
40276
33231
38607
44534
7876
4303
23965
46212
43855
19398
19253
17729
26777
36229
31565
20726
44477
23436
37814
1060
30961
36742
6788
3067
25487
33072
41585
31244
34656
3764
18897
47610
26603
4757
31489
46937
46938
27067
44927
34104
21026
17890
23153
12614
13015
45743
1771
10288
5073
16140
10376
2298
32819
22400
10003
19219
8542
12400
31581
35828
20150
6631
12194
21050
42583
46444
20898
48133
6679
716
34198
48342
21759
33287
6099
4923
12286
6995
8636
19531
48374
49553
23438
46888
20110
10864
20786
7013
12236
14158
2820
14767
29317
7443
8972
7941
43014
10606
12626
43725
13197
29708
1797
45354
31841
27243
49000
33861
11010
17335
8831
48936
18104
36882
11352
34657
30406
49968
8006
36571
38441
8468
16700
15757
11616
3541
31541
45994
19214
34869
31332
19788
31644
37583
32714
34749
20227
12258
16156
17073
29915
860
8678
29344
5155
2128
35425
29929
14497
18644
38323
34522
46091
16572
45486
41281
46008
41835
48821
7947
38276
39032
21681
7678
631
28922
21464
21036
47635
18312
11676
49177
1289
25047
30957
25118
7900
42944
2220
18220
30433
35150
47713
27378
6418
43432
46363
35896
33317
27858
43982
2658
17386
8278
41366
47077
20006
11149
9545
6508
5644
25078
31328
49657
35078
1508
23219
21249
30488
47871
8715
15721
32265
16304
14969
30990
35621
45937
39448
36650
42050
28153
41572
38734
32077
37104
29811
32865
34619
23865
43029
26440
30087
23572
42371
17246
38105
10279
1505
11803
18244
39721
19266
44638
30525
21273
10881
35080
8213
26805
7838
36064
46024
23580
31869
25560
35676
2917
23975
49460
40698
17341
11184
21793
16447
47959
27900
26061
39016
28415
27785
10859
47174
10219
6364
17849
3127
46978
8560
16078
3788
8716
24063
38985
4865
6183
1114
20167
30351
11555
36059
10467
32605
5199
3697
5783
50
45063
36697
27693
46808
8428
26952
25604
27350
27343
45495
40915
14295
23875
39583
7457
2192
44372
21170
45880
25837
39434
4457
14695
385
21065
8281
45520
31287
9955
45183
31845
18120
44895
18567
10658
49074
43199
23979
38651
8493
15056
46327
49917
35702
2728
32729
44744
39183
30843
23444
47697
48442
36695
36827
49833
1201
43384
47367
23717
11457
1827
5408
18430
41786
35064
20665
20974
35612
19356
4708
13767
20068
38501
48449
21401
38530
23358
38153
31870
3363
17747
42627
28571
22127
46955
47537
33326
14970
18030
23991
15857
5551
44132
48949
1796
36045
27111
4520
14825
49295
4069
1028
20129
43689
37582
26658
22348
22095
32466
14895
4005
14571
8317
13160
37050
43271
219
34908
33676
27949
24066
12298
45405
703
719
4649
30412
15142
27365
34507
17404
41539
37606
6195
35423
25946
6178
35330
13699
43039
29519
13779
2632
31453
32123
5776
5562
18860
36846
36910
14
25542
17263
26458
29697
27694
45146
36381
15725
16170
31956
21745
19661
37407
11085
29072
2506
47086
24893
16362
48998
45844
14880
22330
43619
25120
8728
28543
28010
14552
32192
8298
13475
19601
29335
3915
41181
43960
24001
24162
9213
23341
7904
30873
26218
19174
4964
3977
25486
9919
8458
19073
40777
42149
38777
17109
41135
22196
36117
21212
214
14599
6835
14462
5691
27907
40043
27148
28309
44190
110
3234
34386
19377
21575
34483
1718
16769
48387
225
21523
18209
10388
1744
31911
29228
19709
47154
18020
28189
41128
45465
8896
146
33089
53
28549
45547
30637
11806
19660
24731
16094
28907
44928
15190
19670
3974
32249
1000
39570
22466
45640
40233
9996
40699
32064
48292
18750
16631
6066
48590
9146
8439
7570
22233
26385
27151
21645
3079
40291
7694
13265
12715
4680
32266
37157
26152
6516
48648
34366
30729
28514
22160
12405
419
18116
38848
44479
24152
21690
21729
32175
19687
34077
6052
3597
29440
1940
19505
25360
40970
7245
49398
11399
28019
13211
8886
2047
12863
45876
1140
23664
1633
32745
17977
19072
15082
10342
23103
41149
3143
13384
23410
9721
41044
1619
20804
42855
13125
2961
