4311
22080
7263
33683
21964
8833
3114
31339
44017
46148
27323
28033
4281
12916
10990
27760
45956
27444
20217
13238
199
36018
7320
48851
31127
5659
557
25808
37041
8365
3618
7663
11514
10323
1684
24111
35594
47022
39179
21869
38581
3042
25083
28270
42829
39691
16963
49799
43301
46409
25797
1012
32971
42148
35858
44167
48777
39957
42754
34724
30904
41879
2617
14754
6735
40022
21533
13801
27552
27751
45301
32398
5952
37728
32173
46992
27681
1306
15542
47994
7360
29927
1086
29039
18861
33558
43750
41152
4859
23805
40649
19127
44624
39760
14450
12414
44031
36632
31246
38023
3937
714
11470
37428
15950
1660
21141
28818
22314
35613
34426
32
9210
5572
41857
29007
7649
7271
35516
565
43908
30661
6534
44643
33126
2455
26344
21563
38812
2800
45810
27419
33974
28539
2037
13571
34336
5747
12158
30208
19499
6889
5112
42490
31395
44026
24923
12291
23752
31607
29966
10627
43853
27716
42352
10054
13858
48312
31323
35401
5552
11574
37303
1611
28622
36868
36975
24602
35076
2390
13156
42735
26519
42335
42188
45425
11664
28192
41114
8900
44571
29999
18518
46634
27994
7953
22306
41576
20162
16753
26315
21795
32488
3871
41147
7005
16252
41502
16385
1389
15505
21630
46082
18419
6799
48951
25757
6638
27729
45229
43715
10802
43450
10976
39145
39881
32361
2230
20671
47194
39382
27685
32127
17859
40625
10027
49969
538
49053
49877
40017
27884
47730
9678
4070
29501
37198
29581
34196
25587
29303
17304
36268
27874
15314
14404
31058
4888
33677
30584
40515
21412
14017
45606
30665
30096
5531
24061
40791
49471
26204
4237
30969
4014
47872
31493
24313
8536
37515
46800
26390
19384
36020
21446
35655
45926
46652
27980
19963
36681
40583
46895
22248
27430
3692
14500
9790
1670
34698
40189
10624
38535
43507
3301
37941
44174
11420
26523
30214
17689
49083
2696
38093
41540
49368
23365
47722
1160
25947
31844
18452
5221
20469
23104
13593
34317
29038
35016
3703
49791
1104
40973
13287
16119
3927
21851
43233
13396
43730
15793
24571
41182
38445
18216
22868
43464
7489
8286
36518
44865
45921
22634
15844
42806
5720
32312
33526
36948
9006
5053
46805
35583
35960
42558
28996
12366
40651
10929
15818
17104
19681
3194
19875
16864
6207
33280
2162
992
33980
26022
44987
2505
3552
20080
35931
23589
15154
24691
9128
22891
26253
17144
42474
2164
29442
12255
38338
18286
34160
17978
42029
35832
32155
46155
15311
32134
6482
40985
3594
23239
11435
38906
8777
10264
10006
37627
28809
44963
1388
36326
42431
28823
23574
29657
17498
31993
3723
8654
41500
7636
48351
26926
6562
16857
31476
14781
33971
10282
38869
11567
447
13652
6894
27285
2528
7963
12094
17953
37431
35023
16328
33013
4709
4323
12510
9497
37719
7218
10925
3300
29267
35854
16878
19520
19197
35135
27990
11859
7119
780
23826
27062
32731
28289
18637
4763
4497
44844
5143
9061
20341
23476
19161
10210
45363
66
49421
44171
21453
34182
45205
30153
30354
10615
33796
2654
49199
23634
28647
25834
310
28676
41286
272
24080
6344
30915
14974
49981
26959
36769
8985
48797
44160
17259
33001
5962
16566
17795
29804
35265
39649
24130
45544
44914
14004
32093
2294
22225
2722
13805
16658
30308
15898
8675
11722
49531
8731
23055
10670
6104
30042
4808
21740
11262
21543
33931
7921
22184
42989
45587
10515
44227
10657
27713
24433
26079
36206
19999
535
8039
9835
8683
36335
32199
29836
15556
11405
32118
51
34303
18131
20415
431
34458
11245
7139
15032
44300
22766
34833
14504
32393
25854
5504
2095
10710
46767
32764
22731
46716
4532
44832
16277
26236
26313
48900
45179
28339
2017
12480
26072
24295
17354
35234
18262
41046
3752
34884
5547
12222
13500
3742
44883
17790
4948
36613
47451
15110
32709
46473
35332
43597
29751
5900
17317
7070
35830
3437
43601
25152
2542
16675
2874
12379
42873
7824
4022
33566
38559
31430
26919
14622
32975
34912
8206
6926
3521
17301
12081
10837
47870
24382
29731
41561
34322
21097
22968
33536
14746
43482
43166
44872
7239
204
47578
49433
11439
42444
48940
49209
7976
36947
19763
45072
39054
2400
30336
23881
37933
30563
23026
43917
45971
48070
27450
15823
13440
3122
30644
4126
48047
7675
40016
30481
34362
14065
8256
5723
18533
46951
31408
10828
41326
7881
39823
42888
18542
42872
40613
27079
25537
49610
33775
21742
27288
39155
14375
19064
8360
4441
42078
11608
29800
3398
11338
11950
13540
32329
14561
45572
20166
41492
14818
39472
40709
422
38243
12763
22454
28262
41129
35729
18165
5577
34648
38394
32073
25791
4037
34904
33805
7193
26515
36172
37810
1179
8996
3157
28496
29557
25917
19306
44762
45929
38713
48258
27600
18923
2651
14983
10295
36608
16334
38163
34847
1167
28168
10185
21875
28836
44378
25154
5930
28023
16666
3996
9587
45589
10435
42238
794
49198
39485
42061
34191
32347
40672
5357
15270
14897
28202
18534
26687
33660
39726
9492
32053
6059
29018
41732
31052
8248
15920
20936
7169
9651
30443
14010
15407
6718
5250
34615
36803
35778
36760
3250
33969
4205
7514
24376
41570
32200
31104
27281
30411
28918
4975
27364
49697
14979
2212
36547
32132
40963
26238
2663
16630
23454
25783
12175
26149
49654
38797
29877
18444
43899
2754
38726
12452
16898
26988
19587
39079
46048
18112
25508
13020
15964
38221
39534
27057
39089
36746
38206
21842
35727
23883
6397
32259
38384
7995
26316
31511
46675
46488
43444
10290
18980
4617
12880
34104
41712
36526
49953
22147
49828
19129
23723
14011
42611
19254
34210
6762
47971
31675
45185
4979
38381
10677
14189
28337
48238
10806
11771
25159
34290
13063
13538
37326
22186
19380
16533
24408
16143
48260
48672
3915
25648
16203
36807
2055
15188
13381
27457
13642
26941
3202
8388
20380
3345
28549
17982
6706
14687
38005
35741
14506
7764
45696
43112
4041
49642
19719
8479
34147
13160
19766
25461
14406
37067
10781
47697
30309
32851
1734
40082
25897
35618
35533
49211
13503
46774
12104
16255
19122
24619
36291
41505
12383
48210
16602
13407
43559
14205
19424
40931
9919
7763
25001
14913
1233
40970
33431
19355
45401
19369
6183
21067
46104
24453
22051
19671
12793
17142
16054
659
7457
33809
42149
